1 0 2019
1 0 2020
1 0 2021
1 0 2022
1 0 2023
1 1 2019
1 1 2020
1 1 2021
1 1 2022
1 1 2023
1 2 2019
1 2 2020
1 2 2021
1 2 2022
1 2 2023
2 0 2019
2 0 2020
2 0 2021
2 0 2022
2 0 2023
2 1 2019
2 1 2020
2 1 2021
2 1 2022
2 1 2023
2 2 2019
2 2 2020
2 2 2021
2 2 2022
2 2 2023
3 0 2019
3 0 2020
3 0 2021
3 0 2022
3 0 2023
3 1 2019
3 1 2020
3 1 2021
3 1 2022
3 1 2023
3 2 2019
3 2 2020
3 2 2021
3 2 2022
3 2 2023
4 0 2019
4 0 2020
4 0 2021
4 0 2022
4 0 2023
4 1 2019
4 1 2020
4 1 2021
4 1 2022
4 1 2023
4 2 2019
4 2 2020
4 2 2021
4 2 2022
4 2 2023
5 0 2019
5 0 2020
5 0 2021
5 0 2022
5 0 2023
5 1 2019
5 1 2020
5 1 2021
5 1 2022
5 1 2023
5 2 2019
5 2 2020
5 2 2021
5 2 2022
5 2 2023
6 0 2019
6 0 2020
6 0 2021
6 0 2022
6 0 2023
6 1 2019
6 1 2020
6 1 2021
6 1 2022
6 1 2023
6 2 2019
6 2 2020
6 2 2021
6 2 2022
6 2 2023
7 0 2019
7 0 2020
7 0 2021
7 0 2022
7 0 2023
7 1 2019
7 1 2020
7 1 2021
7 1 2022
7 1 2023
7 2 2019
7 2 2020
7 2 2021
7 2 2022
7 2 2023
8 0 2019
8 0 2020
8 0 2021
8 0 2022
8 0 2023
8 1 2019
8 1 2020
8 1 2021
8 1 2022
8 1 2023
8 2 2019
8 2 2020
8 2 2021
8 2 2022
8 2 2023
9 0 2019
9 0 2020
9 0 2021
9 0 2022
9 0 2023
9 1 2019
9 1 2020
9 1 2021
9 1 2022
9 1 2023
9 2 2019
9 2 2020
9 2 2021
9 2 2022
9 2 2023
10 0 2019
10 0 2020
10 0 2021
10 0 2022
10 0 2023
10 1 2019
10 1 2020
10 1 2021
10 1 2022
10 1 2023
10 2 2019
10 2 2020
10 2 2021
10 2 2022
10 2 2023
11 0 2019
11 0 2020
11 0 2021
11 0 2022
11 0 2023
11 1 2019
11 1 2020
11 1 2021
11 1 2022
11 1 2023
11 2 2019
11 2 2020
11 2 2021
11 2 2022
11 2 2023
12 0 2019
12 0 2020
12 0 2021
12 0 2022
12 0 2023
12 1 2019
12 1 2020
12 1 2021
12 1 2022
12 1 2023
12 2 2019
12 2 2020
12 2 2021
12 2 2022
12 2 2023
